51.159.226.1:43496#法国1 - ⬇️ 6.8MB/s-14%-Netflix-Openai
hy2.694463.xyz:10011#俄罗斯2 - ⬇️ 4.5MB/s-0%
46.17.41.5:12904#俄罗斯4 - ⬇️ 5.1MB/s-100%
hy2-1.694463.xyz:4489#法国3 - ⬇️ 5.6MB/s-14%-Netflix-Youtube-Openai
us.1e6af9be69cbae59cba.tech:20380#美国13 - ⬇️ 12.9MB/s-60%-Netflix-Openai-Gemini
us.1e6af9be69cbae59cba.tech:20347#美国14 - ⬇️ 12.7MB/s-60%-Netflix-Openai-Gemini
108.181.5.130:65232#美国2 - ⬇️ 4.6MB/s-47%-Netflix-Openai
sub-us-1.yangxiansheng.online:45551#美国35 - ⬇️ 11.0MB/s-57%-Netflix-Openai
192-227-152-86.nip.io:61001#美国50 - ⬇️ 6.8MB/s-40%-Netflix-Disney-Openai
gb.1e6af9be69cbae59cba.tech:20378#英国1 - ⬇️ 9.6MB/s-Netflix-Youtube-Openai
gb.1e6af9be69cbae59cba.tech:20331#英国2 - ⬇️ 10.3MB/s-Netflix-Youtube-Openai