51.159.226.1:43496#法国3 - ⬇️ 6.7MB/s-14%-Netflix-Openai
hy2.694463.xyz:10011#俄罗斯1 - ⬇️ 7.1MB/s-0%-Youtube
46.17.41.5:12904#俄罗斯3 - ⬇️ 4.4MB/s-100%
hy2-1.694463.xyz:4489#法国1 - ⬇️ 7.2MB/s-14%-Netflix-Youtube-Openai
108.181.5.130:65232#美国1 - ⬇️ 7.9MB/s-46%-Netflix-Openai
us.1e6af9be69cbae59cba.tech:20394#美国39 - ⬇️ 8.6MB/s-60%-Netflix-Openai-Gemini
b6ea3219-supts0-swbd0b-716s.hy2.gotochinatown.net:8443#美国41 - ⬇️ 4.2MB/s-37%-Netflix
2ef15a2a-svi800-sw77c8-dnss.la.shifen.uk:1443#美国44 - ⬇️ 14.4MB/s-37%-Netflix-Gemini
sub-us-1.yangxiansheng.online:45551#美国5 - ⬇️ 5.2MB/s-57%-Netflix
gb.1e6af9be69cbae59cba.tech:20352#英国5 - ⬇️ 6.0MB/s-Netflix-Youtube-Openai