hy2.694463.xyz:30033#俄罗斯1 - ⬇️ 4.9MB/s-50%
hy2-1.694463.xyz:4489#法国1 - ⬇️ 4.4MB/s-15%-Openai
192.9.129.48:8888#美国2 - ⬇️ 8.2MB/s-58%-Netflix-Openai
209.141.47.127:3234#美国3 - ⬇️ 5.5MB/s-25%-Openai-Gemini
sj-arm.nfsn666.gq:8888#美国4 - ⬇️ 4.6MB/s-58%-Openai