51.159.226.1:44464#法国4 - ⬇️ 10.5MB/s-16%-Netflix-Openai
hy2.694463.xyz:10011#俄罗斯2 - ⬇️ 6.8MB/s-50%-Youtube
alipay-api-jp-a-2.testred.xyz:443#日本2 - ⬇️ 8.0MB/s-0%-Netflix-Youtube-Openai-Gemini
hy2-1.694463.xyz:4489#法国3 - ⬇️ 7.3MB/s-16%-Netflix-Youtube-Openai
2ef15a2a-svi800-sw77c8-dnss.la.shifen.uk:1443#美国1 - ⬇️ 8.2MB/s-47%-Netflix-Gemini
sj-arm.nfsn666.gq:8888#美国2 - ⬇️ 4.4MB/s-62%-Netflix-Openai
192.227.231.142:443#美国39 - ⬇️ 10.8MB/s-57%-Netflix-Openai-Gemini
108.181.5.130:57773#美国4 - ⬇️ 10.0MB/s-47%-Netflix-Openai
ld-arm.nfsn666.gq:8888#英国1 - ⬇️ 5.9MB/s-62%-Netflix-Disney-Youtube-Openai
sinavm.sinabigo.ir:8080#荷兰3 - ⬇️ 5.8MB/s-46%-Netflix-Openai