hy2.694463.xyz:30033#俄罗斯1 - ⬇️ 7.8MB/s-0%
tw2.ddns-link-b5.uk:3780#台湾2 - ⬇️ 4.4MB/s-0%-Netflix-Disney-Youtube-Openai-Gemini
51.159.111.32:31180#法国3 - ⬇️ 7.7MB/s-24%-Youtube-Openai
hy2-1.694463.xyz:4489#法国4 - ⬇️ 5.8MB/s-15%-Openai
108.181.5.130:57773#美国1 - ⬇️ 8.3MB/s-46%-Openai
209.141.47.127:3234#美国14 - ⬇️ 8.7MB/s-25%-Openai-Gemini
sj-arm.nfsn666.gq:8888#美国3 - ⬇️ 8.3MB/s-58%-Netflix-Openai
192.9.129.48:8888#美国4 - ⬇️ 9.8MB/s-58%-Netflix-Openai
jiangzhixjp.54264944.xyz:43999#美国40 - ⬇️ 7.7MB/s-58%-Openai-Gemini
us3.dexlos.com:5280#美国6 - ⬇️ 6.9MB/s-31%-Disney-Openai-Gemini
qyyg.qy1357.top:30003#英国6 - ⬇️ 7.7MB/s-59%-Youtube-Openai