51.159.111.32:5355#FR_7-5.8MB/s-GPT⁺-YT-FR-NF-20%
206.189.20.193:7197#GB_4-5.4MB/s-GPT⁺-YT-GB-NF-52%
13.229.70.133:7077#SG_4-16.3MB/s-GPT⁺-YT-SG-NF-GM-13%
sub-us-2.yangxiansheng.online:41951#US_1-4.5MB/s-GPT⁺-NF-GM-51%
hsmg.huasuan666.top:22151#US_228-4.4MB/s-GPT⁺-NF-26%
us5.1010991.xyz:3001#US_229-5.1MB/s-GPT⁺-NF-0%
us1.1010991.xyz:3001#US_254-4.4MB/s-GPT⁺-NF-GM-26%
netcupus.alisaku.com:34444#US_2-4.7MB/s-GPT⁺-NF-GM-50%