51.159.226.1:43496#法国2 - ⬇️ 8.7MB/s-14%-Netflix-Openai
hy2.694463.xyz:10011#俄罗斯4 - ⬇️ 10.3MB/s-0%-Youtube
hy2-1.694463.xyz:4489#法国4 - ⬇️ 7.6MB/s-14%-Netflix-Youtube-Openai
108.181.5.130:65232#美国1 - ⬇️ 5.1MB/s-46%-Netflix-Openai
sub-us-1.yangxiansheng.online:45551#美国4 - ⬇️ 9.0MB/s-57%-Netflix-Openai