mix1.998998.best:443#日本21 - ⬇️ 13.2MB/s
US7-03.890606.xyz:80#美国2 - ⬇️ 3.9MB/s
us7-03.890606.XyZ:443#美国25 - ⬇️ 8.9MB/s
US7-01.890624.xYz:80#美国34 - ⬇️ 4.3MB/s
uS7-03.890624.XYZ:80#美国35 - ⬇️ 9.4MB/s
Us7-09.890606.Xyz:443#美国49 - ⬇️ 2.9MB/s
uS7-07.890606.xYZ:80#美国6 - ⬇️ 2.5MB/s
1737024218.tencentapp.cn:2087#🌀其他6-CL - ⬇️ 3.0MB/s