172.67.169.40:443#英国2 - ⬇️ 4.7MB/s
La04.818185.xYZ:443#美国30 - ⬇️ 3.7MB/s
glweidf.cfd:443#美国4 - ⬇️ 9.9MB/s
la04.890603.xyz:443#美国44 - ⬇️ 4.1MB/s
La01.818185.XYZ:443#美国45 - ⬇️ 8.1MB/s
La03.890603.xYZ:443#美国56 - ⬇️ 7.9MB/s
la03.890614.FiLEgEAr-SG.ME:443#美国61 - ⬇️ 2.5MB/s
la01.890604.FILEgEAR-sG.me:443#美国65 - ⬇️ 2.6MB/s
la04.818185.XyZ:443#美国7 - ⬇️ 2.6MB/s
La02.890604.filEGEAr-sG.me:443#美国9 - ⬇️ 1.1MB/s