fk3.620720.xyz:8443#DE_2-4.9MB/s-GPT⁺-YT-DE-NF-D+-15%
fk4.620720.xyz:8443#DE_5-5.0MB/s-GPT⁺-NF-D+-15%
test2.flha.ru:80#DE_7-4.6MB/s-GPT⁺-NF-0%
cloudgetservice.mcloudservice.site:443#FR_3-4.1MB/s-GPT⁺-0%
www.speedtest.net:443#FR_4-4.5MB/s-GPT⁺-32%
sj3.620720.xyz:8443#US_130-4.8MB/s-GPT⁺-NF-D+-GM
172.67.209.79:443#US_188-4.1MB/s-GPT⁺-NF-GM
klo.986986.shop:443#US_4-4.3MB/s-GPT⁺-NF-GM